0 0 0 .0103
0 1.0000 .1100 .0104
0 2.0000 .2200 .0108
0 3.0000 .3300 .0114
0 4.0000 .4400 .0124
0 5.0000 .5500 .0140
0 6.0000 .6600 .0152
0 7.0000 .7460 .0170
0 8.0000 .8274 .0185
0 9.0000 .8527 .0203
0 10.0000 .7325 .0188
0 11.0000 .5095 .0760
0 12.0000 .3533 .1340
0 13.0000 .4030 .1520
0 14.0000 .4046 .1710
0 15.0000 .4082 .1900
0 16.0000 .4620 .2100
0 17.0000 .5200 .2310
0 18.0000 .5768 .2520
0 19.000 .5822 .2740
0 20.0000 .5870 .2970
0 21.000  .6414 .3200
0 22.0000 .6956 .3440
0 23.0000 .7497 .3690
0 24.0000 .8034 .3940
0 25.000 .8572 .4200
0 26.0000 .9109 .4460
0 27.0000 .9646 .4730
0 30.0000 .9150 .5700
0 35.000  1.0200  .7450
0 40.0000 1.0750 .9200
0 45.0000 1.0850 1.0750
0 50.0000 1.0400 1.2150
0 55.0000 .9650 1.3450
0 60.0000 .8750 1.4700
0 65.0000 .7650 1.5750
0 70.0000 .6500 1.6650
0 75.0000 .5150 1.7350
0 80.0000 .3700 1.7800
0 85.0000 .2200 1.8000
0 90.0000 .0700 1.8000
0 95.0000 -.0700 1.7800
0 100.000 -.2200 1.7500
0 105.0000 -.3700 1.7000
0 110.0000 -.5100 1.6350
0 115.0000 -.6250 1.5550
0 120.0000 -.7350 1.4650
0 125.0000 -.8400 1.3500
0 130.0000 -.9100 1.2250
0 135.0000 -.9450 1.0850
0 140.0000 -.9450 .9250
0 145.0000 -.9100 .7550
0 150.0000 -.8500 .5750
0 155.0000 -.7400 .4200
0 160.0000 -.6600 .3200
0 165.0000 -.6750 .2300
0 170.0000 -.8500 .1400
0 175.0000 -.6900 .0550
1 180.0000 0.000 .0250 